R {
  w: 0.9999492814514542
  x: 0.008671530787178259
  y: 0.004871388425721768
  z: -0.0015838728903904446
}
T {
  x: -0.41649988293647766
  y: 0.09146018326282501
  z: 0.011436160653829575
 }
